67   
73   
75   
89   
119   
127   
129   
132   
134   
145   
337   
343   
349   
356   
450   
453   
460   
535   
543   
545   
547   
549   
557   
558   
560   
714   
717   
874   
909   
960   
963   
965   
966   
967   
968   
973   
974   
980   
1126   
1127   
1133   
1135   
1161   
1163   
1167   
1168   
1172   
1173   
1179   
1181   
1211   
1219   
1220   
1222   
1224   
1226   
1227   
1229   
1230   
1232   
1272   
1284   
1439   
1472   
1481   
1483   
1486   
1487   
1489   
1495   
1575   
1576   
1578   
1583   
1590   
1594   
1598   
1626   
1633   
1635   
1636   
1639   
1640   
1641   
1642   
1644   
1650   
1680   
1681   
1685   
1688   
1691   
1695   
1703   
1729   
1732   
1737   
1743   
1744   
1749   
1756   
1757   
1760   
1853   
1855   
2043   
2049   
2056   
2057   
2059   
2064   
2097   
2098   
2104   
2107   
2113   
2114   
2174   
2198   
2199   
2213   
2214   
2217   
2227   
2229   
2511   
2513   
2527   
2531   
2564   
2566   
2571   
2574   
2576   
2582   
2589   
2594   
2746   
2772   
2791   
2895   
2980   
2989   
2992   
2997   
2998   
3031   
3051   
3052   
3056   
3057   
3058   
3135   
3139   
3142   
3144   
3146   
3148   
3150   
3151   
3153   
3155   
3156   
3157   
3161   
3248   
3253   
3257   
3263   
3264   
3294   
3297   
3306   
3311   
3316   
3344   
3351   
3355   
3356   
3358   
3359   
3395   
3401   
3406   
3408   
3417   
3419   
3420   
3455   
3456   
3464   
3468   
3469   
3470   
3472   
3552   
3553   
3555   
3567   
3570   
3572   
3574   
3580   
3655   
3658   
3668   
3670   
3672   
3677   
3679   
3705   
3714   
3715   
3723   
3724   
3725   
3727   
3811   
3813   
3814   
3816   
3817   
3820   
3824   
3826   
3831   
3836   
3841   
3970   
3971   
3972   
3973   
3975   
3976   
3979   
3983   
3984   
3985   
3986   
3987   
3988   
3989   
3992   
4131   
4135   
4136   
4146   
4147   
4151   
4152   
4296   
4297   
4301   
4302   
4303   
4307   
4350   
4351   
4437   
4440   
4464   
4657   
4658   
4663   
4665   
4666   
4758   
4765   
4801   
4802   
4804   
4811   
4813   
4817   
4820   
4829   
4851   
4852   
4853   
4854   
4858   
4859   
4861   
4865   
4867   
4870   
4873   
4876   
5008   
5010   
5011   
5012   
5013   
5015   
5020   
5022   
5025   
5027   
5112   
5120   
5121   
5122   
5123   
5172   
5173   
5179   
5181   
5183   
5184   
5185   
5186   
5188   
5189   
5216   
5220   
5221   
5223   
5224   
5228   
5231   
5233   
5235   
5238   
5242   
5246   
5267   
5269   
5276   
5281   
5282   
5290   
5295   
5321   
5322   
5325   
5327   
5332   
5334   
5337   
5338   
5344   
5422   
5432   
5433   
5434   
5435   
5439   
5441   
5442   
